"alone1" "alone2" "intra1fx" "intra2fx" "inter1fx" "inter2fx" "fit_alone1" "fit_alone2" "epis" "loss" "loss2" "p1" "p2" "comb" "intra1" "intra2" "inter1" "inter2" "fitness" "cotransf" "exx1fx" "exx2fx" "lossXY" "time"
"1e-13_1_1_0.85_0_1e-08_1:0_1_1_0_0_1e-08_1" 1e-13 0 1 1 1 1 0.85 0 0 1e-08 1 "1e-13_1_1_0.85_0_1e-08_1" "0_1_1_0_0_1e-08_1" "1e-13_1_1_0.85_0_1e-08_1:0_1_1_0_0_1e-08_1" 1e-13 0 1e-13 0 0 0 1e-13 0 1e-08 5684
"1e-12_1_1_0.85_0_1e-08_1:0_1_1_0_0_1e-08_1" 1e-12 0 1 1 1 1 0.85 0 0 1e-08 1 "1e-12_1_1_0.85_0_1e-08_1" "0_1_1_0_0_1e-08_1" "1e-12_1_1_0.85_0_1e-08_1:0_1_1_0_0_1e-08_1" 1e-12 0 1e-12 0 0 0 1e-12 0 1e-08 5799
"1e-11_1_1_0.85_0_1e-08_1:0_1_1_0_0_1e-08_1" 1e-11 0 1 1 1 1 0.85 0 0 1e-08 1 "1e-11_1_1_0.85_0_1e-08_1" "0_1_1_0_0_1e-08_1" "1e-11_1_1_0.85_0_1e-08_1:0_1_1_0_0_1e-08_1" 1e-11 0 1e-11 0 0 0 1e-11 0 1e-08 6584
"1e-10_1_1_0.85_0_1e-08_1:0_1_1_0_0_1e-08_1" 1e-10 0 1 1 1 1 0.85 0 0 1e-08 1 "1e-10_1_1_0.85_0_1e-08_1" "0_1_1_0_0_1e-08_1" "1e-10_1_1_0.85_0_1e-08_1:0_1_1_0_0_1e-08_1" 1e-10 0 1e-10 0 0 0 1e-10 0 1e-08 51949
"1e-13_1_1_0.9_0_1e-08_1:0_1_1_0_0_1e-08_1" 1e-13 0 1 1 1 1 0.9 0 0 1e-08 1 "1e-13_1_1_0.9_0_1e-08_1" "0_1_1_0_0_1e-08_1" "1e-13_1_1_0.9_0_1e-08_1:0_1_1_0_0_1e-08_1" 1e-13 0 1e-13 0 0 0 1e-13 0 1e-08 8581
"1e-12_1_1_0.9_0_1e-08_1:0_1_1_0_0_1e-08_1" 1e-12 0 1 1 1 1 0.9 0 0 1e-08 1 "1e-12_1_1_0.9_0_1e-08_1" "0_1_1_0_0_1e-08_1" "1e-12_1_1_0.9_0_1e-08_1:0_1_1_0_0_1e-08_1" 1e-12 0 1e-12 0 0 0 1e-12 0 1e-08 8718
"1e-11_1_1_0.9_0_1e-08_1:0_1_1_0_0_1e-08_1" 1e-11 0 1 1 1 1 0.9 0 0 1e-08 1 "1e-11_1_1_0.9_0_1e-08_1" "0_1_1_0_0_1e-08_1" "1e-11_1_1_0.9_0_1e-08_1:0_1_1_0_0_1e-08_1" 1e-11 0 1e-11 0 0 0 1e-11 0 1e-08 10504
"1e-10_1_1_0.9_0_1e-08_1:0_1_1_0_0_1e-08_1" 1e-10 0 1 1 1 1 0.9 0 0 1e-08 1 "1e-10_1_1_0.9_0_1e-08_1" "0_1_1_0_0_1e-08_1" "1e-10_1_1_0.9_0_1e-08_1:0_1_1_0_0_1e-08_1" 1e-10 0 1e-10 0 0 0 1e-10 0 1e-08 9163
"1e-13_1_1_0.95_0_1e-08_1:0_1_1_0_0_1e-08_1" 1e-13 0 1 1 1 1 0.95 0 0 1e-08 1 "1e-13_1_1_0.95_0_1e-08_1" "0_1_1_0_0_1e-08_1" "1e-13_1_1_0.95_0_1e-08_1:0_1_1_0_0_1e-08_1" 1e-13 0 1e-13 0 0 0 1e-13 0 1e-08 16687
"1e-12_1_1_0.95_0_1e-08_1:0_1_1_0_0_1e-08_1" 1e-12 0 1 1 1 1 0.95 0 0 1e-08 1 "1e-12_1_1_0.95_0_1e-08_1" "0_1_1_0_0_1e-08_1" "1e-12_1_1_0.95_0_1e-08_1:0_1_1_0_0_1e-08_1" 1e-12 0 1e-12 0 0 0 1e-12 0 1e-08 17982
"1e-11_1_1_0.95_0_1e-08_1:0_1_1_0_0_1e-08_1" 1e-11 0 1 1 1 1 0.95 0 0 1e-08 1 "1e-11_1_1_0.95_0_1e-08_1" "0_1_1_0_0_1e-08_1" "1e-11_1_1_0.95_0_1e-08_1:0_1_1_0_0_1e-08_1" 1e-11 0 1e-11 0 0 0 1e-11 0 1e-08 28658
"1e-10_1_1_0.95_0_1e-08_1:0_1_1_0_0_1e-08_1" 1e-10 0 1 1 1 1 0.95 0 0 1e-08 1 "1e-10_1_1_0.95_0_1e-08_1" "0_1_1_0_0_1e-08_1" "1e-10_1_1_0.95_0_1e-08_1:0_1_1_0_0_1e-08_1" 1e-10 0 1e-10 0 0 0 1e-10 0 1e-08 10961
"1e-13_1_1_0.975_0_1e-08_1:0_1_1_0_0_1e-08_1" 1e-13 0 1 1 1 1 0.975 0 0 1e-08 1 "1e-13_1_1_0.975_0_1e-08_1" "0_1_1_0_0_1e-08_1" "1e-13_1_1_0.975_0_1e-08_1:0_1_1_0_0_1e-08_1" 1e-13 0 1e-13 0 0 0 1e-13 0 1e-08 34184
"1e-12_1_1_0.975_0_1e-08_1:0_1_1_0_0_1e-08_1" 1e-12 0 1 1 1 1 0.975 0 0 1e-08 1 "1e-12_1_1_0.975_0_1e-08_1" "0_1_1_0_0_1e-08_1" "1e-12_1_1_0.975_0_1e-08_1:0_1_1_0_0_1e-08_1" 1e-12 0 1e-12 0 0 0 1e-12 0 1e-08 53515
"1e-11_1_1_0.975_0_1e-08_1:0_1_1_0_0_1e-08_1" 1e-11 0 1 1 1 1 0.975 0 0 1e-08 1 "1e-11_1_1_0.975_0_1e-08_1" "0_1_1_0_0_1e-08_1" "1e-11_1_1_0.975_0_1e-08_1:0_1_1_0_0_1e-08_1" 1e-11 0 1e-11 0 0 0 1e-11 0 1e-08 156148
"1e-10_1_1_0.975_0_1e-08_1:0_1_1_0_0_1e-08_1" 1e-10 0 1 1 1 1 0.975 0 0 1e-08 1 "1e-10_1_1_0.975_0_1e-08_1" "0_1_1_0_0_1e-08_1" "1e-10_1_1_0.975_0_1e-08_1:0_1_1_0_0_1e-08_1" 1e-10 0 1e-10 0 0 0 1e-10 0 1e-08 7323
"1e-13_1_1_1_0_1e-08_1:0_1_1_0_0_1e-08_1" 1e-13 0 1 1 1 1 1 0 0 1e-08 1 "1e-13_1_1_1_0_1e-08_1" "0_1_1_0_0_1e-08_1" "1e-13_1_1_1_0_1e-08_1:0_1_1_0_0_1e-08_1" 1e-13 0 1e-13 0 0 0 1e-13 0 1e-08 1792979
"1e-12_1_1_1_0_1e-08_1:0_1_1_0_0_1e-08_1" 1e-12 0 1 1 1 1 1 0 0 1e-08 1 "1e-12_1_1_1_0_1e-08_1" "0_1_1_0_0_1e-08_1" "1e-12_1_1_1_0_1e-08_1:0_1_1_0_0_1e-08_1" 1e-12 0 1e-12 0 0 0 1e-12 0 1e-08 222317
"1e-11_1_1_1_0_1e-08_1:0_1_1_0_0_1e-08_1" 1e-11 0 1 1 1 1 1 0 0 1e-08 1 "1e-11_1_1_1_0_1e-08_1" "0_1_1_0_0_1e-08_1" "1e-11_1_1_1_0_1e-08_1:0_1_1_0_0_1e-08_1" 1e-11 0 1e-11 0 0 0 1e-11 0 1e-08 26246
"1e-13_1_1_1.05_0_1e-08_1:0_1_1_0_0_1e-08_1" 1e-13 0 1 1 1 1 1.05 0 0 1e-08 1 "1e-13_1_1_1.05_0_1e-08_1" "0_1_1_0_0_1e-08_1" "1e-13_1_1_1.05_0_1e-08_1:0_1_1_0_0_1e-08_1" 1e-13 0 1e-13 0 0 0 1e-13 0 1e-08 26215
"1e-12_1_1_1.05_0_1e-08_1:0_1_1_0_0_1e-08_1" 1e-12 0 1 1 1 1 1.05 0 0 1e-08 1 "1e-12_1_1_1.05_0_1e-08_1" "0_1_1_0_0_1e-08_1" "1e-12_1_1_1.05_0_1e-08_1:0_1_1_0_0_1e-08_1" 1e-12 0 1e-12 0 0 0 1e-12 0 1e-08 22917
"1e-11_1_1_1.05_0_1e-08_1:0_1_1_0_0_1e-08_1" 1e-11 0 1 1 1 1 1.05 0 0 1e-08 1 "1e-11_1_1_1.05_0_1e-08_1" "0_1_1_0_0_1e-08_1" "1e-11_1_1_1.05_0_1e-08_1:0_1_1_0_0_1e-08_1" 1e-11 0 1e-11 0 0 0 1e-11 0 1e-08 10786
"1e-13_1_1_0.85_0_1e-06_1:0_1_1_0_0_1e-06_1" 1e-13 0 1 1 1 1 0.85 0 0 1e-06 1 "1e-13_1_1_0.85_0_1e-06_1" "0_1_1_0_0_1e-06_1" "1e-13_1_1_0.85_0_1e-06_1:0_1_1_0_0_1e-06_1" 1e-13 0 1e-13 0 0 0 1e-13 0 1e-06 5551
"1e-12_1_1_0.85_0_1e-06_1:0_1_1_0_0_1e-06_1" 1e-12 0 1 1 1 1 0.85 0 0 1e-06 1 "1e-12_1_1_0.85_0_1e-06_1" "0_1_1_0_0_1e-06_1" "1e-12_1_1_0.85_0_1e-06_1:0_1_1_0_0_1e-06_1" 1e-12 0 1e-12 0 0 0 1e-12 0 1e-06 5240
"1e-11_1_1_0.85_0_1e-06_1:0_1_1_0_0_1e-06_1" 1e-11 0 1 1 1 1 0.85 0 0 1e-06 1 "1e-11_1_1_0.85_0_1e-06_1" "0_1_1_0_0_1e-06_1" "1e-11_1_1_0.85_0_1e-06_1:0_1_1_0_0_1e-06_1" 1e-11 0 1e-11 0 0 0 1e-11 0 1e-06 5936
"1e-10_1_1_0.85_0_1e-06_1:0_1_1_0_0_1e-06_1" 1e-10 0 1 1 1 1 0.85 0 0 1e-06 1 "1e-10_1_1_0.85_0_1e-06_1" "0_1_1_0_0_1e-06_1" "1e-10_1_1_0.85_0_1e-06_1:0_1_1_0_0_1e-06_1" 1e-10 0 1e-10 0 0 0 1e-10 0 1e-06 91623
"1e-13_1_1_0.9_0_1e-06_1:0_1_1_0_0_1e-06_1" 1e-13 0 1 1 1 1 0.9 0 0 1e-06 1 "1e-13_1_1_0.9_0_1e-06_1" "0_1_1_0_0_1e-06_1" "1e-13_1_1_0.9_0_1e-06_1:0_1_1_0_0_1e-06_1" 1e-13 0 1e-13 0 0 0 1e-13 0 1e-06 7739
"1e-12_1_1_0.9_0_1e-06_1:0_1_1_0_0_1e-06_1" 1e-12 0 1 1 1 1 0.9 0 0 1e-06 1 "1e-12_1_1_0.9_0_1e-06_1" "0_1_1_0_0_1e-06_1" "1e-12_1_1_0.9_0_1e-06_1:0_1_1_0_0_1e-06_1" 1e-12 0 1e-12 0 0 0 1e-12 0 1e-06 7781
"1e-11_1_1_0.9_0_1e-06_1:0_1_1_0_0_1e-06_1" 1e-11 0 1 1 1 1 0.9 0 0 1e-06 1 "1e-11_1_1_0.9_0_1e-06_1" "0_1_1_0_0_1e-06_1" "1e-11_1_1_0.9_0_1e-06_1:0_1_1_0_0_1e-06_1" 1e-11 0 1e-11 0 0 0 1e-11 0 1e-06 9568
"1e-10_1_1_0.9_0_1e-06_1:0_1_1_0_0_1e-06_1" 1e-10 0 1 1 1 1 0.9 0 0 1e-06 1 "1e-10_1_1_0.9_0_1e-06_1" "0_1_1_0_0_1e-06_1" "1e-10_1_1_0.9_0_1e-06_1:0_1_1_0_0_1e-06_1" 1e-10 0 1e-10 0 0 0 1e-10 0 1e-06 36184
"1e-13_1_1_0.95_0_1e-06_1:0_1_1_0_0_1e-06_1" 1e-13 0 1 1 1 1 0.95 0 0 1e-06 1 "1e-13_1_1_0.95_0_1e-06_1" "0_1_1_0_0_1e-06_1" "1e-13_1_1_0.95_0_1e-06_1:0_1_1_0_0_1e-06_1" 1e-13 0 1e-13 0 0 0 1e-13 0 1e-06 17019
"1e-12_1_1_0.95_0_1e-06_1:0_1_1_0_0_1e-06_1" 1e-12 0 1 1 1 1 0.95 0 0 1e-06 1 "1e-12_1_1_0.95_0_1e-06_1" "0_1_1_0_0_1e-06_1" "1e-12_1_1_0.95_0_1e-06_1:0_1_1_0_0_1e-06_1" 1e-12 0 1e-12 0 0 0 1e-12 0 1e-06 16206
"1e-11_1_1_0.95_0_1e-06_1:0_1_1_0_0_1e-06_1" 1e-11 0 1 1 1 1 0.95 0 0 1e-06 1 "1e-11_1_1_0.95_0_1e-06_1" "0_1_1_0_0_1e-06_1" "1e-11_1_1_0.95_0_1e-06_1:0_1_1_0_0_1e-06_1" 1e-11 0 1e-11 0 0 0 1e-11 0 1e-06 24889
"1e-10_1_1_0.95_0_1e-06_1:0_1_1_0_0_1e-06_1" 1e-10 0 1 1 1 1 0.95 0 0 1e-06 1 "1e-10_1_1_0.95_0_1e-06_1" "0_1_1_0_0_1e-06_1" "1e-10_1_1_0.95_0_1e-06_1:0_1_1_0_0_1e-06_1" 1e-10 0 1e-10 0 0 0 1e-10 0 1e-06 48996
"1e-13_1_1_0.975_0_1e-06_1:0_1_1_0_0_1e-06_1" 1e-13 0 1 1 1 1 0.975 0 0 1e-06 1 "1e-13_1_1_0.975_0_1e-06_1" "0_1_1_0_0_1e-06_1" "1e-13_1_1_0.975_0_1e-06_1:0_1_1_0_0_1e-06_1" 1e-13 0 1e-13 0 0 0 1e-13 0 1e-06 29894
"1e-12_1_1_0.975_0_1e-06_1:0_1_1_0_0_1e-06_1" 1e-12 0 1 1 1 1 0.975 0 0 1e-06 1 "1e-12_1_1_0.975_0_1e-06_1" "0_1_1_0_0_1e-06_1" "1e-12_1_1_0.975_0_1e-06_1:0_1_1_0_0_1e-06_1" 1e-12 0 1e-12 0 0 0 1e-12 0 1e-06 34622
"1e-11_1_1_0.975_0_1e-06_1:0_1_1_0_0_1e-06_1" 1e-11 0 1 1 1 1 0.975 0 0 1e-06 1 "1e-11_1_1_0.975_0_1e-06_1" "0_1_1_0_0_1e-06_1" "1e-11_1_1_0.975_0_1e-06_1:0_1_1_0_0_1e-06_1" 1e-11 0 1e-11 0 0 0 1e-11 0 1e-06 129412
"1e-10_1_1_0.975_0_1e-06_1:0_1_1_0_0_1e-06_1" 1e-10 0 1 1 1 1 0.975 0 0 1e-06 1 "1e-10_1_1_0.975_0_1e-06_1" "0_1_1_0_0_1e-06_1" "1e-10_1_1_0.975_0_1e-06_1:0_1_1_0_0_1e-06_1" 1e-10 0 1e-10 0 0 0 1e-10 0 1e-06 34390
"1e-13_1_1_1_0_1e-06_1:0_1_1_0_0_1e-06_1" 1e-13 0 1 1 1 1 1 0 0 1e-06 1 "1e-13_1_1_1_0_1e-06_1" "0_1_1_0_0_1e-06_1" "1e-13_1_1_1_0_1e-06_1:0_1_1_0_0_1e-06_1" 1e-13 0 1e-13 0 0 0 1e-13 0 1e-06 28763759
"1e-12_1_1_1_0_1e-06_1:0_1_1_0_0_1e-06_1" 1e-12 0 1 1 1 1 1 0 0 1e-06 1 "1e-12_1_1_1_0_1e-06_1" "0_1_1_0_0_1e-06_1" "1e-12_1_1_1_0_1e-06_1:0_1_1_0_0_1e-06_1" 1e-12 0 1e-12 0 0 0 1e-12 0 1e-06 2386270
"1e-11_1_1_1_0_1e-06_1:0_1_1_0_0_1e-06_1" 1e-11 0 1 1 1 1 1 0 0 1e-06 1 "1e-11_1_1_1_0_1e-06_1" "0_1_1_0_0_1e-06_1" "1e-11_1_1_1_0_1e-06_1:0_1_1_0_0_1e-06_1" 1e-11 0 1e-11 0 0 0 1e-11 0 1e-06 200465
"1e-13_1_1_1.05_0_1e-06_1:0_1_1_0_0_1e-06_1" 1e-13 0 1 1 1 1 1.05 0 0 1e-06 1 "1e-13_1_1_1.05_0_1e-06_1" "0_1_1_0_0_1e-06_1" "1e-13_1_1_1.05_0_1e-06_1:0_1_1_0_0_1e-06_1" 1e-13 0 1e-13 0 0 0 1e-13 0 1e-06 76364
"1e-12_1_1_1.05_0_1e-06_1:0_1_1_0_0_1e-06_1" 1e-12 0 1 1 1 1 1.05 0 0 1e-06 1 "1e-12_1_1_1.05_0_1e-06_1" "0_1_1_0_0_1e-06_1" "1e-12_1_1_1.05_0_1e-06_1:0_1_1_0_0_1e-06_1" 1e-12 0 1e-12 0 0 0 1e-12 0 1e-06 18819
"1e-11_1_1_1.05_0_1e-06_1:0_1_1_0_0_1e-06_1" 1e-11 0 1 1 1 1 1.05 0 0 1e-06 1 "1e-11_1_1_1.05_0_1e-06_1" "0_1_1_0_0_1e-06_1" "1e-11_1_1_1.05_0_1e-06_1:0_1_1_0_0_1e-06_1" 1e-11 0 1e-11 0 0 0 1e-11 0 1e-06 43661
"1e-13_1_1_0.85_0_1e-04_1:0_1_1_0_0_1e-04_1" 1e-13 0 1 1 1 1 0.85 0 0 1e-04 1 "1e-13_1_1_0.85_0_1e-04_1" "0_1_1_0_0_1e-04_1" "1e-13_1_1_0.85_0_1e-04_1:0_1_1_0_0_1e-04_1" 1e-13 0 1e-13 0 0 0 1e-13 0 1e-04 4536
"1e-12_1_1_0.85_0_1e-04_1:0_1_1_0_0_1e-04_1" 1e-12 0 1 1 1 1 0.85 0 0 1e-04 1 "1e-12_1_1_0.85_0_1e-04_1" "0_1_1_0_0_1e-04_1" "1e-12_1_1_0.85_0_1e-04_1:0_1_1_0_0_1e-04_1" 1e-12 0 1e-12 0 0 0 1e-12 0 1e-04 5034
"1e-11_1_1_0.85_0_1e-04_1:0_1_1_0_0_1e-04_1" 1e-11 0 1 1 1 1 0.85 0 0 1e-04 1 "1e-11_1_1_0.85_0_1e-04_1" "0_1_1_0_0_1e-04_1" "1e-11_1_1_0.85_0_1e-04_1:0_1_1_0_0_1e-04_1" 1e-11 0 1e-11 0 0 0 1e-11 0 1e-04 5260
"1e-10_1_1_0.85_0_1e-04_1:0_1_1_0_0_1e-04_1" 1e-10 0 1 1 1 1 0.85 0 0 1e-04 1 "1e-10_1_1_0.85_0_1e-04_1" "0_1_1_0_0_1e-04_1" "1e-10_1_1_0.85_0_1e-04_1:0_1_1_0_0_1e-04_1" 1e-10 0 1e-10 0 0 0 1e-10 0 1e-04 184813
"1e-13_1_1_0.9_0_1e-04_1:0_1_1_0_0_1e-04_1" 1e-13 0 1 1 1 1 0.9 0 0 1e-04 1 "1e-13_1_1_0.9_0_1e-04_1" "0_1_1_0_0_1e-04_1" "1e-13_1_1_0.9_0_1e-04_1:0_1_1_0_0_1e-04_1" 1e-13 0 1e-13 0 0 0 1e-13 0 1e-04 6956
"1e-12_1_1_0.9_0_1e-04_1:0_1_1_0_0_1e-04_1" 1e-12 0 1 1 1 1 0.9 0 0 1e-04 1 "1e-12_1_1_0.9_0_1e-04_1" "0_1_1_0_0_1e-04_1" "1e-12_1_1_0.9_0_1e-04_1:0_1_1_0_0_1e-04_1" 1e-12 0 1e-12 0 0 0 1e-12 0 1e-04 7059
"1e-11_1_1_0.9_0_1e-04_1:0_1_1_0_0_1e-04_1" 1e-11 0 1 1 1 1 0.9 0 0 1e-04 1 "1e-11_1_1_0.9_0_1e-04_1" "0_1_1_0_0_1e-04_1" "1e-11_1_1_0.9_0_1e-04_1:0_1_1_0_0_1e-04_1" 1e-11 0 1e-11 0 0 0 1e-11 0 1e-04 8318
"1e-10_1_1_0.9_0_1e-04_1:0_1_1_0_0_1e-04_1" 1e-10 0 1 1 1 1 0.9 0 0 1e-04 1 "1e-10_1_1_0.9_0_1e-04_1" "0_1_1_0_0_1e-04_1" "1e-10_1_1_0.9_0_1e-04_1:0_1_1_0_0_1e-04_1" 1e-10 0 1e-10 0 0 0 1e-10 0 1e-04 58903
"1e-13_1_1_0.95_0_1e-04_1:0_1_1_0_0_1e-04_1" 1e-13 0 1 1 1 1 0.95 0 0 1e-04 1 "1e-13_1_1_0.95_0_1e-04_1" "0_1_1_0_0_1e-04_1" "1e-13_1_1_0.95_0_1e-04_1:0_1_1_0_0_1e-04_1" 1e-13 0 1e-13 0 0 0 1e-13 0 1e-04 12996
"1e-12_1_1_0.95_0_1e-04_1:0_1_1_0_0_1e-04_1" 1e-12 0 1 1 1 1 0.95 0 0 1e-04 1 "1e-12_1_1_0.95_0_1e-04_1" "0_1_1_0_0_1e-04_1" "1e-12_1_1_0.95_0_1e-04_1:0_1_1_0_0_1e-04_1" 1e-12 0 1e-12 0 0 0 1e-12 0 1e-04 13296
"1e-11_1_1_0.95_0_1e-04_1:0_1_1_0_0_1e-04_1" 1e-11 0 1 1 1 1 0.95 0 0 1e-04 1 "1e-11_1_1_0.95_0_1e-04_1" "0_1_1_0_0_1e-04_1" "1e-11_1_1_0.95_0_1e-04_1:0_1_1_0_0_1e-04_1" 1e-11 0 1e-11 0 0 0 1e-11 0 1e-04 20309
"1e-10_1_1_0.95_0_1e-04_1:0_1_1_0_0_1e-04_1" 1e-10 0 1 1 1 1 0.95 0 0 1e-04 1 "1e-10_1_1_0.95_0_1e-04_1" "0_1_1_0_0_1e-04_1" "1e-10_1_1_0.95_0_1e-04_1:0_1_1_0_0_1e-04_1" 1e-10 0 1e-10 0 0 0 1e-10 0 1e-04 39713
"1e-13_1_1_0.975_0_1e-04_1:0_1_1_0_0_1e-04_1" 1e-13 0 1 1 1 1 0.975 0 0 1e-04 1 "1e-13_1_1_0.975_0_1e-04_1" "0_1_1_0_0_1e-04_1" "1e-13_1_1_0.975_0_1e-04_1:0_1_1_0_0_1e-04_1" 1e-13 0 1e-13 0 0 0 1e-13 0 1e-04 48644
"1e-12_1_1_0.975_0_1e-04_1:0_1_1_0_0_1e-04_1" 1e-12 0 1 1 1 1 0.975 0 0 1e-04 1 "1e-12_1_1_0.975_0_1e-04_1" "0_1_1_0_0_1e-04_1" "1e-12_1_1_0.975_0_1e-04_1:0_1_1_0_0_1e-04_1" 1e-12 0 1e-12 0 0 0 1e-12 0 1e-04 33931
"1e-11_1_1_0.975_0_1e-04_1:0_1_1_0_0_1e-04_1" 1e-11 0 1 1 1 1 0.975 0 0 1e-04 1 "1e-11_1_1_0.975_0_1e-04_1" "0_1_1_0_0_1e-04_1" "1e-11_1_1_0.975_0_1e-04_1:0_1_1_0_0_1e-04_1" 1e-11 0 1e-11 0 0 0 1e-11 0 1e-04 95005
"1e-10_1_1_0.975_0_1e-04_1:0_1_1_0_0_1e-04_1" 1e-10 0 1 1 1 1 0.975 0 0 1e-04 1 "1e-10_1_1_0.975_0_1e-04_1" "0_1_1_0_0_1e-04_1" "1e-10_1_1_0.975_0_1e-04_1:0_1_1_0_0_1e-04_1" 1e-10 0 1e-10 0 0 0 1e-10 0 1e-04 40794
"1e-13_1_1_1_0_1e-04_1:0_1_1_0_0_1e-04_1" 1e-13 0 1 1 1 1 1 0 0 1e-04 1 "1e-13_1_1_1_0_1e-04_1" "0_1_1_0_0_1e-04_1" "1e-13_1_1_1_0_1e-04_1:0_1_1_0_0_1e-04_1" 1e-13 0 1e-13 0 0 0 1e-13 0 1e-04 366032
"1e-12_1_1_1_0_1e-04_1:0_1_1_0_0_1e-04_1" 1e-12 0 1 1 1 1 1 0 0 1e-04 1 "1e-12_1_1_1_0_1e-04_1" "0_1_1_0_0_1e-04_1" "1e-12_1_1_1_0_1e-04_1:0_1_1_0_0_1e-04_1" 1e-12 0 1e-12 0 0 0 1e-12 0 1e-04 108410102
"1e-11_1_1_1_0_1e-04_1:0_1_1_0_0_1e-04_1" 1e-11 0 1 1 1 1 1 0 0 1e-04 1 "1e-11_1_1_1_0_1e-04_1" "0_1_1_0_0_1e-04_1" "1e-11_1_1_1_0_1e-04_1:0_1_1_0_0_1e-04_1" 1e-11 0 1e-11 0 0 0 1e-11 0 1e-04 232779
"1e-13_1_1_1.05_0_1e-04_1:0_1_1_0_0_1e-04_1" 1e-13 0 1 1 1 1 1.05 0 0 1e-04 1 "1e-13_1_1_1.05_0_1e-04_1" "0_1_1_0_0_1e-04_1" "1e-13_1_1_1.05_0_1e-04_1:0_1_1_0_0_1e-04_1" 1e-13 0 1e-13 0 0 0 1e-13 0 1e-04 140364
"1e-12_1_1_1.05_0_1e-04_1:0_1_1_0_0_1e-04_1" 1e-12 0 1 1 1 1 1.05 0 0 1e-04 1 "1e-12_1_1_1.05_0_1e-04_1" "0_1_1_0_0_1e-04_1" "1e-12_1_1_1.05_0_1e-04_1:0_1_1_0_0_1e-04_1" 1e-12 0 1e-12 0 0 0 1e-12 0 1e-04 130899
"1e-11_1_1_1.05_0_1e-04_1:0_1_1_0_0_1e-04_1" 1e-11 0 1 1 1 1 1.05 0 0 1e-04 1 "1e-11_1_1_1.05_0_1e-04_1" "0_1_1_0_0_1e-04_1" "1e-11_1_1_1.05_0_1e-04_1:0_1_1_0_0_1e-04_1" 1e-11 0 1e-11 0 0 0 1e-11 0 1e-04 1158222
