"O" "X" "Y" "XY" "R" "precis" "steady" "time" "steps" "ID"
"1" 99876813.4016815 4.02282506752357e-06 0 0 0.123186598315646 6.39071746173606e-09 1 5683.69937044146 524 "1e-13_1_1_0.85_0_1e-08_1:0_1_1_0_0_1e-08_1"
"2" 99876813.4016818 2.69893897768471e-06 0 0 0.123186598315647 8.96973872697195e-09 1 5798.90723980988 540 "1e-12_1_1_0.85_0_1e-08_1:0_1_1_0_0_1e-08_1"
"3" 99876813.4016823 2.21405951847647e-06 0 0 0.123186598315647 6.72065127126374e-09 1 6583.24092096227 504 "1e-11_1_1_0.85_0_1e-08_1:0_1_1_0_0_1e-08_1"
"4" 859.385659211386 99853582.5793379 0 0 0.145558035002945 2.33755770295829e-10 1 51948.4189710283 290 "1e-10_1_1_0.85_0_1e-08_1:0_1_1_0_0_1e-08_1"
"5" 99876813.4016832 4.39150167708247e-06 0 0 0.123186598315646 6.99923064318007e-09 1 8580.49249260473 521 "1e-13_1_1_0.9_0_1e-08_1:0_1_1_0_0_1e-08_1"
"6" 99876813.4016827 4.58270695047227e-06 0 0 0.123186598315646 5.51405332826944e-09 1 8717.33300311928 507 "1e-12_1_1_0.9_0_1e-08_1:0_1_1_0_0_1e-08_1"
"7" 99876813.4016795 5.67128036248295e-06 0 0 0.123186598315646 8.651512956524e-09 1 10503.5075263419 514 "1e-11_1_1_0.9_0_1e-08_1:0_1_1_0_0_1e-08_1"
"8" 225.387141015471 99862524.9317455 0 0 0.13724968111373 2.14486384209067e-09 1 9162.56553419938 271 "1e-10_1_1_0.9_0_1e-08_1:0_1_1_0_0_1e-08_1"
"9" 99876813.4016739 1.33228176766247e-05 0 0 0.123186598315647 9.02970006957581e-09 1 16686.2959675716 528 "1e-13_1_1_0.95_0_1e-08_1:0_1_1_0_0_1e-08_1"
"10" 99876813.4016851 3.19786520596013e-06 0 0 0.123186598315647 6.31410855805730e-09 1 17981.5743116379 515 "1e-12_1_1_0.95_0_1e-08_1:0_1_1_0_0_1e-08_1"
"11" 99876813.4016826 1.46067004193158e-06 0 0 0.123186598315647 2.94076119879306e-09 1 28657.1171370869 506 "1e-11_1_1_0.95_0_1e-08_1:0_1_1_0_0_1e-08_1"
"12" 135.777324470565 99870025.7670448 0 0 0.1298384556305 3.09063361569883e-09 1 10960.2475574996 260 "1e-10_1_1_0.95_0_1e-08_1:0_1_1_0_0_1e-08_1"
"13" 99876813.4016809 3.9613791846033e-06 0 0 0.123186598315646 4.34310624240236e-09 1 34183.6276367344 512 "1e-13_1_1_0.975_0_1e-08_1:0_1_1_0_0_1e-08_1"
"14" 99876813.4016867 2.46064734172703e-09 0 0 0.123186598315646 4.09845403006877e-09 1 53514.6853368248 529 "1e-12_1_1_0.975_0_1e-08_1:0_1_1_0_0_1e-08_1"
"15" 99876813.4016766 8.35443435300449e-06 0 0 0.123186598315646 2.64740568573414e-09 1 156147.357717667 554 "1e-11_1_1_0.975_0_1e-08_1:0_1_1_0_0_1e-08_1"
"16" 114.727238954807 99873460.1814992 0 0 0.12642509126172 1.57771449238453e-09 1 7322.387689606 255 "1e-10_1_1_0.975_0_1e-08_1:0_1_1_0_0_1e-08_1"
"17" 99999.9984335191 99776813.4032509 0 0 0.123186598315646 6.06585732754183e-09 1 1792978.93311714 278 "1e-13_1_1_1_0_1e-08_1:0_1_1_0_0_1e-08_1"
"18" 10000.0000366884 99866813.4016475 0 0 0.123186598315646 1.27933130755764e-09 1 222316.153644473 290 "1e-12_1_1_1_0_1e-08_1:0_1_1_0_0_1e-08_1"
"19" 999.999990399562 99875813.401694 0 0 0.123186598315646 3.64914232164892e-09 1 26245.6447825712 275 "1e-11_1_1_1_0_1e-08_1:0_1_1_0_0_1e-08_1"
"20" 417.755233117586 99882399.1309254 0 0 0.117183113841242 1.97780480708232e-09 1 26214.340386723 263 "1e-13_1_1_1.05_0_1e-08_1:0_1_1_0_0_1e-08_1"
"21" 402.617630563389 99882414.2693944 0 0 0.11718311297573 8.81643202887972e-10 1 22916.0720961247 268 "1e-12_1_1_1.05_0_1e-08_1:0_1_1_0_0_1e-08_1"
"22" 295.530448990634 99882521.362698 0 0 0.117183106852883 1.35350450847227e-09 1 10785.700903168 256 "1e-11_1_1_1.05_0_1e-08_1:0_1_1_0_0_1e-08_1"
"23" 99876813.4016836 2.75529447284841e-07 0 0 0.123186598315646 9.71102141146887e-10 1 5550.11520680132 488 "1e-13_1_1_0.85_0_1e-06_1:0_1_1_0_0_1e-06_1"
"24" 99876813.4016819 3.49195328921562e-06 0 0 0.123186598315646 5.84488474761498e-09 1 5239.49159499981 514 "1e-12_1_1_0.85_0_1e-06_1:0_1_1_0_0_1e-06_1"
"25" 99876813.4016808 3.18687302132168e-06 0 0 0.123186598315647 8.1650218186404e-09 1 5935.23796165808 538 "1e-11_1_1_0.85_0_1e-06_1:0_1_1_0_0_1e-06_1"
"26" 85840.5340408289 99768623.9245228 0 0 0.145535541436296 4.12001810445872e-10 1 91622.504703596 277 "1e-10_1_1_0.85_0_1e-06_1:0_1_1_0_0_1e-06_1"
"27" 99876813.4016804 4.16936963866592e-06 0 0 0.123186598315647 8.43846678251585e-09 1 7738.51054895059 499 "1e-13_1_1_0.9_0_1e-06_1:0_1_1_0_0_1e-06_1"
"28" 99876813.401678 6.80703294121342e-06 0 0 0.123186598315647 8.77298402991145e-09 1 7780.43573539162 465 "1e-12_1_1_0.9_0_1e-06_1:0_1_1_0_0_1e-06_1"
"29" 99876813.401681 4.29634442328287e-06 0 0 0.123186598315646 9.32548650384232e-09 1 9567.3111744164 494 "1e-11_1_1_0.9_0_1e-06_1:0_1_1_0_0_1e-06_1"
"30" 22538.011412762 99840215.8082585 0 0 0.137246180328792 2.7807582014816e-09 1 36183.3262303328 286 "1e-10_1_1_0.9_0_1e-06_1:0_1_1_0_0_1e-06_1"
"31" 99876813.4016835 2.14975734276271e-07 0 0 0.123186598315647 7.37103216159474e-09 1 17018.0431996617 509 "1e-13_1_1_0.95_0_1e-06_1:0_1_1_0_0_1e-06_1"
"32" 99876813.4016842 2.76533316456663e-06 0 0 0.123186598315647 6.48873191040222e-09 1 16205.1060906019 493 "1e-12_1_1_0.95_0_1e-06_1:0_1_1_0_0_1e-06_1"
"33" 99876813.4016789 5.47976961866251e-06 0 0 0.123186598315647 4.27816001543381e-09 1 24888.6150706834 481 "1e-11_1_1_0.95_0_1e-06_1:0_1_1_0_0_1e-06_1"
"34" 13577.6980678826 99856584.7899404 0 0 0.129837511991653 6.44942073080301e-09 1 48995.7073197296 274 "1e-10_1_1_0.95_0_1e-06_1:0_1_1_0_0_1e-06_1"
"35" 99876813.401677 8.56678718353558e-06 0 0 0.123186598315645 9.21975138276876e-09 1 29893.0354937664 482 "1e-13_1_1_0.975_0_1e-06_1:0_1_1_0_0_1e-06_1"
"36" 99876813.401685 9.22977869093773e-07 0 0 0.123186598315647 8.20363779029794e-09 1 34621.1756392322 497 "1e-12_1_1_0.975_0_1e-06_1:0_1_1_0_0_1e-06_1"
"37" 99876813.4015877 9.96549669916271e-05 0 0 0.123186598315649 8.05128443269646e-09 1 129411.085713825 489 "1e-11_1_1_0.975_0_1e-06_1:0_1_1_0_0_1e-06_1"
"38" 11472.7189525399 99862102.5677606 0 0 0.126424713286856 1.30171962098302e-10 1 34389.4208531626 286 "1e-10_1_1_0.975_0_1e-06_1:0_1_1_0_0_1e-06_1"
"39" 9999999.99989711 89876813.4017872 0 0 0.123186598315646 5.32873833947178e-10 1 28763758.7763722 303 "1e-13_1_1_1_0_1e-06_1:0_1_1_0_0_1e-06_1"
"40" 999999.999976365 98876813.401708 0 0 0.123186598315646 7.47053263694397e-10 1 2386269.94777262 291 "1e-12_1_1_1_0_1e-06_1:0_1_1_0_0_1e-06_1"
"41" 99999.9999997461 99776813.4016846 0 0 0.123186598315646 1.86264514923096e-10 1 200464.635130808 277 "1e-11_1_1_1_0_1e-06_1:0_1_1_0_0_1e-06_1"
"42" 41774.7019559578 99841039.8195181 0 0 0.117185478525936 2.20182823085224e-09 1 76363.8421946844 278 "1e-13_1_1_1.05_0_1e-06_1:0_1_1_0_0_1e-06_1"
"43" 40261.0277250378 99842553.580299 0 0 0.117185391976221 7.82640476870711e-09 1 18818.3634693668 264 "1e-12_1_1_1.05_0_1e-06_1:0_1_1_0_0_1e-06_1"
"44" 29552.7543470357 99853262.4659568 0 0 0.11718477969621 3.29791021158599e-09 1 43660.3320115315 273 "1e-11_1_1_1.05_0_1e-06_1:0_1_1_0_0_1e-06_1"
"45" 99876813.4016797 5.47931099813679e-06 0 0 0.123186598315646 8.60251320716852e-09 1 4535.62967342696 457 "1e-13_1_1_0.85_0_1e-04_1:0_1_1_0_0_1e-04_1"
"46" 99876813.4016862 8.26044555281327e-07 0 0 0.123186598315647 3.84683898896659e-09 1 5033.70315949363 458 "1e-12_1_1_0.85_0_1e-04_1:0_1_1_0_0_1e-04_1"
"47" 99876813.4016833 3.64632855483461e-06 0 0 0.123186598315647 5.46248401086353e-09 1 5259.50716505975 461 "1e-11_1_1_0.85_0_1e-04_1:0_1_1_0_0_1e-04_1"
"48" 7789522.53715851 92066952.4791783 0 0 0.143524983663204 1.33877975372343e-10 1 184812.60960806 294 "1e-10_1_1_0.85_0_1e-04_1:0_1_1_0_0_1e-04_1"
"49" 99876813.4016829 2.20662963417643e-06 0 0 0.123186598315646 7.42203640729458e-09 1 6955.22308930889 444 "1e-13_1_1_0.9_0_1e-04_1:0_1_1_0_0_1e-04_1"
"50" 99876813.4016855 2.35035838241469e-06 0 0 0.123186598315646 6.82073462937146e-09 1 7058.40853137388 460 "1e-12_1_1_0.9_0_1e-04_1:0_1_1_0_0_1e-04_1"
"51" 99876813.401682 4.998580302948e-06 0 0 0.123186598315646 4.31916389793718e-09 1 8317.42375646563 493 "1e-11_1_1_0.9_0_1e-04_1:0_1_1_0_0_1e-04_1"
"52" 2246836.91777451 97616264.9926144 0 0 0.136898089611056 8.06467195246796e-09 1 58902.7618349997 292 "1e-10_1_1_0.9_0_1e-04_1:0_1_1_0_0_1e-04_1"
"53" 99876813.4016784 5.84511332351324e-06 0 0 0.123186598315647 9.09347650742649e-09 1 12995.0265972297 406 "1e-13_1_1_0.95_0_1e-04_1:0_1_1_0_0_1e-04_1"
"54" 99876813.4016768 8.55299318254856e-06 0 0 0.123186598315647 7.62968818732818e-09 1 13295.2699578708 458 "1e-12_1_1_0.95_0_1e-04_1:0_1_1_0_0_1e-04_1"
"55" 99876813.4016775 1.09806850393684e-05 0 0 0.123186598315646 9.40192859695002e-09 1 20308.2101306522 436 "1e-11_1_1_0.95_0_1e-04_1:0_1_1_0_0_1e-04_1"
"56" 1357425.6563878 98512831.1020761 0 0 0.129743241536118 6.18019893039445e-09 1 39712.7483408373 281 "1e-10_1_1_0.95_0_1e-04_1:0_1_1_0_0_1e-04_1"
"57" 99876813.4016838 -5.08970878179595e-09 0 0 0.123186598315646 3.73806253205107e-10 1 48643.0392500019 502 "1e-13_1_1_0.975_0_1e-04_1:0_1_1_0_0_1e-04_1"
"58" 99876813.4016854 -3.40578965255633e-09 0 0 0.123186598315645 7.63769939161438e-09 1 33930.7870450685 475 "1e-12_1_1_0.975_0_1e-04_1:0_1_1_0_0_1e-04_1"
"59" 99876813.4016832 1.19765261057259e-06 0 0 0.123186598315647 1.73149581033609e-09 1 95004.5890120159 494 "1e-11_1_1_0.975_0_1e-04_1:0_1_1_0_0_1e-04_1"
"60" 1147222.58126958 98726390.4898656 0 0 0.126386928864792 6.11180439591408e-11 1 40793.0706942393 275 "1e-10_1_1_0.975_0_1e-04_1:0_1_1_0_0_1e-04_1"
"61" 99876813.4016846 7.01408248466846e-07 0 0 0.123186598315646 4.65661749160521e-09 1 366031.070299845 444 "1e-13_1_1_1_0_1e-04_1:0_1_1_0_0_1e-04_1"
"62" 99876813.2065214 0.195077357057145 0 0 0.123186598315645 7.63770914638528e-09 1 108410101.178246 566 "1e-12_1_1_1_0_1e-04_1:0_1_1_0_0_1e-04_1"
"63" 9999999.99999718 89876813.4016872 0 0 0.123186598315646 1.01354107329144e-09 1 232778.029052113 304 "1e-11_1_1_1_0_1e-04_1:0_1_1_0_0_1e-04_1"
"64" 4169274.10561948 95713303.9343822 0 0 0.117421959998393 1.07406226135254e-09 1 140363.500801985 288 "1e-13_1_1_1.05_0_1e-04_1:0_1_1_0_0_1e-04_1"
"65" 4018764.20457976 95863822.4755411 0 0 0.11741331987918 5.55180594830063e-09 1 130898.157718402 288 "1e-12_1_1_1.05_0_1e-04_1:0_1_1_0_0_1e-04_1"
"66" 2952369.66838737 96930278.1923652 0 0 0.117352139247432 1.39953062472387e-09 1 1158221.25126839 312 "1e-11_1_1_1.05_0_1e-04_1:0_1_1_0_0_1e-04_1"
